lr: 0.001038528392094075
optimization_time: 41.212376276652016
