lr: 0.004415641123684623
optimization_time: 39.036232594649
