lr: 0.015186596128617183
optimization_time: 18.503640234470367
