lr: 0.07797721075412693
model_name: ''
optimization_time: 47.17977295716604
