lr: 0.01699161538473148
optimization_time: 18.215283636252085
