lr: 0.012234506164035848
model_name: ''
optimization_time: 19.870529409249624
