lr: 0.052713785477137794
model_name: ''
optimization_time: 46.21824173132578
