lr: 0.005256085338579338
model_name: ''
optimization_time: 19.610079193115233
