lr: 0.20911237334180677
model_name: ''
optimization_time: 40.85186710357666
