lr: 0.011000369502010101
model_name: ''
optimization_time: 19.46884452501933
