lr: 0.04550807817481413
optimization_time: 19.753769477208454
