lr: 0.058841390814253124
optimization_time: 19.02822097937266
