lr: 0.10068164853406059
optimization_time: 19.674467420578004
