lr: 0.1368859516416597
model_name: ''
optimization_time: 9.055849973360697
