lr: 0.0010536494142727635
optimization_time: 39.60768375396729
