lr: 0.04587766489485851
optimization_time: 37.44516222476959
