lr: 0.06555071644078239
model_name: ''
optimization_time: 40.579299954573315
