lr: 0.04874122404188906
model_name: ''
optimization_time: 18.686906949679056
