lr: 0.05098795176736245
model_name: ''
optimization_time: 43.52030071814855
