lr: 0.017209339569855694
model_name: ''
optimization_time: 45.36497324705124
