lr: 0.002825587527778794
model_name: ''
optimization_time: 19.10499006509781
