lr: 0.029101470302402427
model_name: ''
optimization_time: 46.23766736984253
