lr: 0.04881079349870564
model_name: ''
optimization_time: 47.21776595513026
