lr: 0.0428044113914066
model_name: ''
optimization_time: 42.400526241461435
