lr: 0.016945916329584983
optimization_time: 41.31957784493764
